031228 031019                       24.9542934785506              ENV
040307 030914                       183.842320728288              ENV
040411 031019                       -108.337381913506             ENV
040411 031228                       -136.675065871373             ENV
040620 040307                       249.361340919019              ENV
040620 040516                       -117.382992935974             ENV
040725 030914                       57.788661195893               ENV
040725 040307                       -126.040199426469             ENV
040829 030914                       177.727330667282              ENV
040829 040307                       -3.31214552071761             ENV
040829 040620                       -255.360328604244             ENV
040829 040725                       122.644638538693              ENV
041003 040307                       259.479759221284              ENV
041003 040516                       -107.268202659525             ENV
041003 040620                       10.1188965603419              ENV
041003 040829                       262.807585527329              ENV
041107 031123                       -264.177708402259             ENV
041107 040516                       30.1618470822516              ENV
041107 040620                       147.520885618581              ENV
041107 041003                       137.473660866999              ENV
041212 040307                       304.437853099551              ENV
041212 040516                       -62.2971132845396             ENV
041212 040620                       55.0646136340133              ENV
041212 041003                       45.0102485372908              ENV
041212 041107                       -92.4579983636268             ENV
050327 031123                       279.105780504234              ENV
050501 030914                       -277.081005824969             ENV
050501 031019                       159.91001920058               ENV
050501 031228                       133.966525473902              ENV
050501 040411                       267.868291872168              ENV
050605 031123                       -116.721672136892             ENV
050605 040516                       177.434378703273              ENV
050605 040620                       294.845683040243              ENV
050605 041003                       284.663584734536              ENV
050605 041107                       147.399352417306              ENV
050605 041212                       239.957310140225              ENV
050710 031019                       -43.8898242757647             ENV
050710 031228                       -69.851169589526              ENV
050710 040411                       64.0980826506704              ENV
050710 050501                       -203.801274595853             ENV
050814 031123                       -387.03293535723              ENV
050814 050605                       -270.416124268926             ENV
060101 030914                       202.677003615866              ENV
060101 040307                       18.8557656862587              ENV
060101 040620                       -230.515463025982             ENV
060101 040829                       22.2430135088465              ENV
060101 041003                       -240.598489751443             ENV
060101 041212                       -285.555190593107             ENV
060416 040516                       -74.4448202961669             ENV 
060416 040620                       42.9266082278353              ENV 
060416 041003                       32.8491142733116              ENV 
060416 041107                       -104.53040358306              ENV
060416 041212                       -12.0640088047744             ENV
060416 050605                       -251.97528888829              ENV
060521 031123                       -125.292623345743             ENV
060521 040516                       168.870820747777              ENV
060521 040620                       286.263539592643              ENV
060521 041003                       276.130262493361              ENV
060521 041107                       138.815318302653              ENV
060521 041212                       231.329960229371              ENV
060521 050605                       -8.60617349312355             ENV
060521 050814                       261.865779531723              ENV
060521 060416                       243.294823062293              ENV
060625 030914                       -121.026531400506             ENV
060903 030914                       -128.879152255029             ENV
060903 060625                       -7.86756433055999             ENV
070506 040620                       -28.0323770181689             ENV
070506 040829                       224.572079880918              ENV
070923 030914                       -82.9772453841381             ENV
070923 040725                       -140.705489608854             ENV
070923 060625                       37.9893260687586              ENV
070923 060903                       45.9229900049493              ENV
071028 040516                       -173.678075927694             ENV
071028 040620                       -56.2697433573936             ENV
071028 041003                       -66.447272259367              ENV
071028 070506                       -28.0852410299218             ENV
080525 040516                       -164.403852794004             ENV
080525 070506                       -18.9356317180244             ENV
080525 071028                       9.264706482783                ENV
080629 040725                       227.26359518721               ENV
080629 040829                       104.626128626189              ENV
080629 070506                       -119.985537939426             ENV
080629 080525                       -101.054525798528             ENV
19920917 19920604                       -158.938138675459	      ERS  
19921126 19920604                       -194.461966044758             ERS  
19921126 19920917                       -35.4173555703392             ERS    
19931111 19930311                       -7.0373077447108              ERS
19931111 19930902                       126.40666358164               ERS  
19950408 19930902                       177.282458986431              ERS
19950408 19931111                       50.8604854221992              ERS
19950617 19930902                       198.490189828017              ERS
19950617 19931111                       72.0251275796677              ERS
19950617 19950408                       21.235884163446               ERS
19950722 19920604                       179.041581006405              ERS
19950722 19930902                       -170.353482034669             ERS
19950826 19930902                       91.5472151726579              ERS
19950826 19931111                       -35.0740468209924             ERS
19950826 19950408                       -85.638089834033              ERS
19950826 19950617                       -106.950046501968             ERS
19950930 19920604                       -17.6956800445047             ERS
19950930 19920917                       141.28508598947               ERS
19950930 19921126                       176.696827592778              ERS
19950930 19950722                       -196.715401743945             ERS
19951104 19920604                       -293.577447297025             ERS
19951104 19920917                       -134.58994961708              ERS
19951104 19921126                       -99.1892096115702             ERS
19951104 19950930                       -275.884079944111             ERS
19951209 19920604                       -60.5678092607534             ERS
19951209 19920917                       98.4545713217477              ERS
19951209 19921126                       133.86031841811               ERS
19951209 19950722                       -239.578215760132             ERS
19951209 19950930                       -42.8556184945345             ERS
19951209 19951104                       233.03992724563               ERS
19960113 19930902                       -34.6668240850153             ERS
19960113 19931111                       -161.061951945538             ERS
19960113 19950408                       -211.967778687088             ERS
19960113 19950617                       -233.155822097718             ERS
19960113 19950722                       135.689018215281              ERS
19960113 19950826                       -126.116781040275             ERS
19960217 19920917                       -154.778663633204             ERS
19960217 19950930                       -296.081807688191             ERS
19960217 19951104                       -20.192075171286              ERS
19960217 19951209                       -253.217145011584             ERS
19960218 19920917                       -220.846440584057             ERS
19960218 19921126                       -186.248329983589             ERS
19960218 19950930                       -362.100111870024             ERS
19960427 19951104                       -180.610477830886             ERS
19960427 19960217                       -160.401943396095             ERS
19960427 19960218                       -94.4042809357706             ERS
19960428 19920917                       -209.951015229433             ERS
19960428 19921126                       -175.514808556862             ERS
19960428 19951104                       -75.3873500776992             ERS
19960428 19951209                       -308.038291490774             ERS
19960428 19960217                       -54.8900927221736             ERS
19960428 19960218                       10.9132199275979              ERS
19960601 19950513                       -228.297178430508             ERS
19960602 19950513                       -149.6102036359               ERS
19960602 19960601                       77.9024185576258              ERS
19961229 19960113                       37.3153811830176              ERS
19970518 19930902                       24.017481219301               ERS
19970518 19931111                       -102.45169904762              ERS
19970518 19960113                       58.6384980751581              ERS
19970518 19961229                       21.3751395473687              ERS
19970622 19931111                       -54.711683274643              ERS
19970622 19950722                       243.121001511876              ERS
19970622 19950826                       -19.2003571751379             ERS
19970727 19920604                       298.654231404003              ERS
19970727 19930902                       -51.6363323254889             ERS
19970727 19931111                       -178.988745578452             ERS
19970727 19950826                       -143.479163826636             ERS
19970727 19970518                       -75.4505468504988             ERS
19970831 19920604                       -58.4385293935408             ERS
19970831 19920917                       99.6833562319854              ERS
19970831 19960217                       254.701303915157              ERS
19971109 19931111                       282.840373558401              ERS
19971109 19960601                       -90.9934022445656             ERS
19971109 19960602                       -168.922381983152             ERS
19980712 19960601                       31.4521252871871              ERS
19980712 19960602                       -46.4695250122547             ERS
19980712 19971109                       122.384135268009              ERS
19980816 19930902                       196.893851100759              ERS
19980816 19931111                       69.4340336439906              ERS
19980816 19960113                       230.923307334005              ERS
19980816 19970518                       173.144868565185              ERS
19980816 19970622                       124.292650577951              ERS
19980816 19970727                       248.64787591469               ERS
19980816 19971109                       -214.161734042514             ERS
19980920 19931111                       182.057044901167              ERS
19980920 19960601                       -192.506511745083             ERS
19980920 19960602                       -270.431341006048             ERS
19980920 19970622                       236.874235840678              ERS
19980920 19971109                       -101.588579730409             ERS
19980920 19980816                       112.564373123435              ERS
19981025 19950826                       -310.507670893297             ERS
19981025 19950930                       148.799430870292              ERS
19981025 19960113                       -184.645668651557             ERS
19981025 19970518                       -242.464600285771             ERS
19981025 19970622                       -291.301757472208             ERS
19981025 19970727                       -166.925807391044             ERS
19981025 19970831                       190.420081723097              ERS
19990207 19980816                       -239.208710620428             ERS
19990801 19960113                       -132.180481324593             ERS
19990801 19970518                       -189.972377566139             ERS
19990801 19970727                       -114.466030100287             ERS
19990801 19970831                       242.843757911189              ERS
19990801 19981025                       52.4494458299325              ERS
19990801 19990207                       -124.539380523576             ERS
19990905 19960601                       -58.9408560265955             ERS
19990905 19960602                       -136.861868948538             ERS
19990905 19971109                       31.9888914806281              ERS
19990905 19980712                       -90.4334839975377             ERS
19990905 19980816                       246.135566299158              ERS
19990905 19980920                       133.575676234055              ERS
19991114 19960113                       -249.68742643465              ERS
19991114 19970727                       -232.098433526086             ERS
19991114 19970831                       125.01856929598               ERS
19991114 19981025                       -65.1225941038607             ERS
19991114 19990801                       -117.774533451656             ERS
19991219 19960113                       -69.5932998250462             ERS
19991219 19970518                       -127.409189760925             ERS
19991219 19970727                       -51.8621378272252             ERS
19991219 19981025                       115.059096429164              ERS
19991219 19990801                       62.668484206065               ERS
19991219 19991114                       180.251029650141              ERS
20000123 19960113                       -36.9272252944252             ERS
20000123 19970518                       -95.6059872168918             ERS
20000123 19970727                       -19.7437642826496             ERS
20000123 19980816                       -268.554018984384             ERS
20000123 19981025                       147.712353692347              ERS
20000123 19990207                       -29.3415203132774             ERS
20000123 19990801                       95.0536912515632              ERS
20000123 19991114                       212.442556626014              ERS
20000123 19991219                       31.5679500502908              ERS
20000227 19990905                       -0.112203280867207            ERS
20000611 19971109                       -80.763247037201              ERS
20000611 19980712                       -202.440359084592             ERS
20000611 19980816                       133.84132326672               ERS
20000611 19990905                       -111.725266249976             ERS
20000820 19970727                       -154.171282910931             ERS
20000820 19981025                       12.8067007000473              ERS
20000820 19990801                       -39.8495260701151             ERS
20000820 19991114                       77.9271199221887              ERS
20000820 19991219                       -101.913380799129             ERS
20000820 20000123                       -134.324546088465             ERS
20000924 19960217                       81.2082341193888              ERS
20000924 19960218                       147.277242195502              ERS
20000924 19960428                       136.027910306484              ERS
20000924 19970831                       -173.088229039795             ERS
20001029 19970518                       -167.571086104112             ERS
20001029 19970727                       -92.5698116265082             ERS
20001029 19981025                       73.908575667608               ERS
20001029 19990207                       -102.803238973196             ERS
20001029 19990801                       21.2686142599338              ERS
20001029 19991114                       139.437893793841              ERS
20001029 19991219                       -39.3497456406084             ERS
20001029 20000123                       -72.6276898045662             ERS
20001029 20000820                       62.2608104067012              ERS
20010107 20000123                       295.943207050453              ERS
20010107 20000227                       -217.660418304297             ERS
20010107 20000611                       -106.046937705561             ERS
20010107 20000716                       -259.072421652551             ERS
20030323 20021103                       73.7627682595648              ERS
20030601 20030216                       6.39450114009523              ERS
20030810 19970622                       -285.6403019561               ERS
20030810 19970727                       -161.199770856197             ERS
20030810 19980816                       -410.011643534621             ERS
20030810 19981025                       6.22252863335578              ERS
20030810 19990801                       -46.4113309891737             ERS
20030810 19991114                       70.9827001296262              ERS
20030810 20000820                       -7.63345104305867             ERS
20030914 20021103                       180.166821895778              ERS
20030914 20030323                       106.024748315808              ERS
20031019 20030216                       -286.125251507088             ERS
20031019 20030601                       -292.165491592148             ERS
20040620 20030216                       -158.496490300749             ERS
20040620 20030601                       -164.80546984466              ERS
20040829 20030427                       -70.1192418529188             ERS
20041107 20040201                       268.860498863776              ERS
20050605 19981025                       6.33719104449914              ERS
20050605 19990801                       -46.3427720744617             ERS
20050605 19991114                       71.0852609116934              ERS
20050605 20000820                       -7.51773528893855             ERS
20050605 20030810                       0.160702686794217             ERS
